52 58 92 12 59 82 66 87 78 61 20 51 22 68 25 43 60 24 41 13 67 13 15 66 13 7 85 95 50 94 19 93 48 67 95 36 9 80 63 72 97 53 55 1 87 27 63 44 69 94
41 94 41 69 73 39 61 93 94 63 99 14 16 36 31 3 16 38 18 92 15 41 63 57 85 96 44 5 68 9 44 89 98 91 96 25 2 56 85 89 53 75 78 40 97 53 78 28 43 22
1 61 9 49 37 73 12 18 85 69 34 30 71 79 76 96 78 47 28 9 20 36 68 95 71 77 26 10 1 34 15 43 56 75 10 99 60 49 66 39 62 43 70 7 69 93 54 13 1 16
17 49 71 7 1 82 13 39 11 97 97 96 75 8 15 18 59 29 99 70 1 12 35 96 28 74 28 91 13 79 78 8 4 18 23 73 79 19 55 76 66 12 66 98 78 62 35 65 8 95
98 18 60 95 89 26 41 68 88 44 89 25 92 37 33 80 23 94 45 74 89 18 86 86 86 97 77 71 47 34 5 99 73 57 22 69 3 0 93 57 28 0 37 28 31 13 65 86 10 69
6 14 66 73 85 10 100 27 0 0 24 15 62 15 76 45 68 26 81 69 8 73 9 0 68 52 69 52 16 40 86 59 0 85 57 82 25 8 61 39 69 54 22 67 68 58 1 61 64 20
83 56 34 86 14 52 65 78 36 94 44 41 46 8 37 33 66 95 3 80 30 55 71 61 81 68 47 65 69 82 77 42 60 86 0 80 93 25 5 42 36 87 41 65 50 22 48 55 62 17
4 86 76 53 21 48 53 75 30 70 28 57 96 32 54 47 89 75 53 39 98 20 13 73 98 96 89 51 8 38 57 79 52 38 55 28 47 9 48 70 94 70 47 10 20 47 6 4 35 42
34 31 92 29 46 36 25 24 61 68 11 69 47 48 0 36 45 89 85 86 49 33 55 74 15 21 44 54 11 4 86 66 8 18 53 11 56 30 89 63 77 98 56 29 91 43 64 63 14 16
46 34 59 0 10 13 29 13 8 79 43 95 48 55 17 92 42 3 50 100 59 58 50 83 64 65 28 13 15 38 16 51 87 46 70 91 96 15 7 76 100 42 77 55 69 94 37 59 92 1
91 48 91 15 22 24 95 67 70 68 98 9 7 2 1 51 48 81 78 88 93 54 86 44 33 10 73 30 49 69 91 57 57 54 20 66 93 68 55 60 73 40 4 39 61 84 58 48 21 41
37 14 19 52 81 32 82 66 62 46 16 95 29 94 76 66 79 13 23 16 48 99 16 31 97 75 71 90 50 95 53 36 85 91 81 30 2 89 17 59 40 61 0 92 29 89 75 72 71 34
6 8 49 16 4 98 45 24 20 42 72 5 74 1 5 94 25 0 29 35 42 39 69 77 74 97 44 3 55 39 100 2 83 84 21 92 59 70 59 28 71 18 66 84 41 31 32 12 26 53
99 85 22 40 7 10 88 38 81 61 67 77 80 27 46 63 89 24 1 28 44 57 28 91 88 46 50 100 11 4 31 85 52 87 61 86 59 91 28 29 57 82 1 90 5 17 79 45 73 98
12 49 33 100 48 24 31 24 62 2 53 86 49 28 5 49 16 30 78 82 61 60 86 37 85 71 53 56 49 83 23 51 73 31 92 34 77 70 93 100 17 9 63 61 3 35 36 18 94 86
69 53 57 92 30 57 72 96 79 67 90 10 27 56 94 54 53 65 3 8 65 14 85 71 87 3 90 59 55 42 88 98 99 28 98 35 43 12 23 19 63 28 11 8 94 15 83 76 15 54
78 43 61 24 97 90 94 27 29 51 48 79 7 77 31 88 26 17 23 31 88 59 32 61 43 52 97 100 78 79 10 44 82 4 34 99 47 59 3 0 94 4 52 31 26 90 5 0 49 71
68 3 31 93 23 89 45 14 74 69 56 41 11 57 97 40 50 82 83 69 4 86 71 91 98 97 84 34 72 10 43 20 10 4 44 99 36 71 50 77 60 53 48 27 80 17 59 84 26 85
63 36 53 51 28 61 100 7 97 28 46 19 20 19 47 89 49 65 29 20 33 84 88 38 37 26 88 15 89 12 23 19 79 7 67 24 47 8 90 62 75 53 36 44 100 24 8 7 80 42
9 33 91 67 60 41 3 42 57 93 45 51 40 27 11 83 83 97 50 42 57 96 43 65 86 27 6 83 0 55 57 2 12 4 32 45 20 13 13 95 22 81 82 38 76 6 98 77 2 91
90 3 34 10 65 80 85 76 98 18 32 72 44 85 9 7 60 84 95 61 37 23 95 20 92 74 74 92 8 20 90 47 51 10 10 58 18 75 77 36 3 86 0 59 36 17 77 5 85 1
15 18 38 92 71 76 28 24 8 41 76 79 54 57 2 61 66 6 13 90 29 50 0 86 42 55 5 0 45 57 97 86 16 77 1 65 75 31 87 36 57 11 20 41 54 30 83 8 92 42
98 1 52 88 90 12 49 0 30 93 47 92 18 91 12 68 1 40 0 37 55 89 17 19 94 93 62 81 43 26 49 76 84 12 7 100 29 83 60 36 76 6 46 45 75 20 48 47 70 20
72 57 89 84 21 33 13 54 45 64 33 26 59 11 40 72 77 59 58 31 94 46 0 36 64 80 31 96 44 2 28 40 0 57 75 48 75 64 57 70 45 47 10 46 77 25 67 16 16 88
45 18 34 48 25 80 75 52 64 89 26 54 13 63 100 96 52 82 30 1 1 97 6 69 43 43 6 39 99 22 6 62 53 66 49 76 65 72 72 62 10 57 82 45 68 59 85 35 17 74
49 81 46 59 56 59 56 45 26 8 64 49 17 55 50 4 62 45 75 65 47 60 57 48 84 10 33 31 57 92 11 92 38 72 73 15 98 3 28 18 82 18 50 80 18 26 15 80 85 81
50 15 14 97 56 80 73 89 8 12 91 77 89 14 57 12 61 53 3 99 75 82 92 85 63 13 45 90 17 33 24 98 28 41 54 51 62 63 74 1 73 80 17 19 25 31 65 50 52 68
61 65 59 14 53 11 90 20 26 36 52 65 20 9 83 56 86 100 32 20 69 85 78 97 49 7 56 81 97 69 96 9 55 52 78 82 58 95 63 58 74 90 62 0 27 86 49 47 41 33
71 33 66 36 40 77 51 50 73 68 49 89 4 31 34 60 1 10 28 50 55 52 16 16 30 56 63 75 86 74 69 36 58 67 52 72 9 85 28 73 29 80 87 57 12 4 98 23 6 70
81 97 20 45 46 72 7 18 13 57 8 91 66 28 76 68 82 91 96 85 56 77 54 66 8 14 34 52 75 54 43 49 26 42 20 35 6 50 94 94 38 98 58 66 61 46 93 25 48 62
12 4 7 52 5 77 66 30 91 55 62 86 31 14 71 69 33 25 72 92 4 82 50 31 89 18 81 58 22 2 3 42 82 31 51 12 68 17 88 2 2 88 72 61 70 37 63 95 49 53
3 93 76 39 50 37 18 8 100 59 75 84 24 88 81 29 24 29 44 74 3 39 6 38 44 98 21 54 44 37 81 31 37 87 67 80 18 26 55 57 20 54 65 41 52 85 22 100 87 30
22 36 6 88 44 68 10 80 41 33 94 26 77 1 7 60 63 38 6 20 62 31 10 81 36 20 22 87 62 27 43 43 27 41 41 11 89 66 56 7 60 44 60 2 53 35 23 39 23 59
64 7 44 48 94 66 56 1 22 55 32 63 16 80 42 29 27 43 24 85 32 75 23 70 5 52 65 46 68 92 41 15 45 68 98 8 83 38 26 26 29 96 65 83 52 10 12 39 67 25
54 90 68 60 57 77 43 5 80 49 14 94 79 59 56 43 72 57 75 37 62 52 40 98 72 15 64 85 42 52 26 80 45 59 15 67 47 48 15 58 90 45 64 11 19 0 84 76 90 72
21 52 42 84 52 65 26 48 48 3 48 12 62 88 69 54 46 89 9 73 48 18 83 53 40 95 51 34 10 57 49 28 45 7 98 34 99 67 55 76 80 87 22 86 83 23 22 35 55 42
52 76 95 22 56 84 26 42 53 62 68 80 57 100 32 46 44 37 57 76 62 19 88 38 3 59 0 62 71 99 73 70 2 35 20 90 58 50 60 64 31 81 94 73 10 34 48 32 94 36
26 35 16 31 73 14 73 51 25 12 85 42 99 94 87 44 95 40 2 79 84 9 40 65 36 74 13 41 88 99 38 49 36 35 80 94 61 49 63 21 50 30 40 33 26 17 19 39 37 79
35 50 86 35 73 69 86 55 96 3 56 48 28 84 47 15 44 80 50 2 21 72 34 47 20 30 0 0 76 15 41 55 55 87 60 70 56 87 4 99 22 66 77 12 86 7 91 12 11 95
98 71 41 59 86 22 24 100 92 61 53 33 62 81 66 92 77 83 82 6 35 52 25 31 69 69 13 53 56 20 48 92 99 32 65 90 15 83 63 72 15 10 5 82 17 94 68 5 83 95
87 50 79 71 41 62 25 23 59 45 25 84 1 48 94 71 69 31 96 57 8 80 39 94 22 28 4 40 5 1 39 34 84 68 32 51 16 36 35 23 50 45 79 10 74 29 12 19 12 90
43 99 47 20 23 39 65 33 45 86 72 69 31 82 50 30 82 54 3 25 5 67 98 77 36 75 8 69 13 32 27 58 2 18 42 46 91 96 58 82 96 5 34 89 20 12 12 2 53 51
84 59 18 0 66 3 48 78 75 79 26 77 6 3 61 29 76 89 41 5 20 6 1 55 75 17 26 44 56 57 71 23 24 44 80 53 21 57 64 3 43 4 75 92 96 39 73 65 59 85
76 56 27 27 86 8 44 3 99 39 4 45 40 19 29 66 23 29 44 38 60 14 83 29 13 91 21 83 21 22 73 86 22 25 67 75 9 71 82 97 27 7 84 21 67 13 25 100 51 2
94 33 56 94 29 31 32 25 22 21 52 12 17 34 1 6 100 83 62 48 18 82 12 34 23 43 34 59 76 23 42 75 73 28 67 62 13 83 94 11 52 19 18 97 12 46 33 47 19 0
36 14 75 92 89 69 32 72 31 87 39 7 85 86 86 17 80 94 92 72 27 15 39 57 77 48 54 18 79 50 29 75 15 33 48 83 64 8 82 84 98 17 56 100 8 37 36 30 36 25
53 21 19 44 8 41 3 37 76 84 47 49 13 10 61 44 100 41 19 24 13 38 79 30 58 38 37 12 50 18 71 49 73 99 57 78 16 22 5 41 75 12 59 16 29 74 25 25 95 41
86 3 60 100 53 16 51 73 91 19 40 68 6 4 7 9 87 7 16 24 34 85 51 65 85 45 54 78 85 90 65 51 62 79 37 88 31 46 8 13 77 25 92 20 50 64 4 66 94 10
78 79 25 37 88 19 85 5 44 15 6 13 18 76 0 74 79 6 10 5 44 46 11 94 87 16 67 82 82 47 76 85 100 88 99 90 81 72 16 9 61 78 57 19 46 37 38 76 21 97
78 87 28 0 88 91 89 86 81 19 48 14 55 42 2 18 31 13 69 57 68 80 58 81 100 66 72 89 91 39 87 98 97 86 29 80 58 18 59 86 53 30 7 77 55 83 11 28 74 83
54 21 65 30 4 52 16 91 10 37 59 62 79 43 21 13 12 2 95 6 52 20 75 73 97 96 72 14 60 86 22 30 27 92 10 72 72 10 0 89 43 27 85 27 62 64 53 92 51 100
79 57 70 10 2 19 66 84 99 39 45 27 55 85 44 53 6 18 51 35 67 41 61 11 49 27 70 20 63 67 7 37 4 91 48 94 60 29 62 1 40 13 4 60 14 93 90 11 86 7
9 77 64 31 35 5 66 16 73 31 10 63 15 98 18 55 64 30 44 85 26 1 57 99 34 94 20 10 84 89 37 37 6 55 86 9 28 53 9 98 34 36 48 98 59 61 35 64 1 3
67 41 49 80 100 66 14 79 13 63 88 35 39 66 85 48 54 34 5 67 83 33 26 38 28 59 59 54 45 88 16 9 48 9 82 86 82 18 85 96 51 43 79 31 13 11 72 71 3 51
29 17 96 82 26 91 21 33 86 4 78 42 26 53 39 87 79 87 60 62 53 34 65 63 99 52 69 46 24 12 58 29 25 98 8 63 100 35 9 70 40 23 23 40 85 20 38 99 6 44
25 57 13 77 63 12 67 49 38 54 88 48 53 45 13 84 92 75 94 72 8 99 79 0 77 7 20 93 51 59 5 60 75 22 34 59 59 30 18 98 90 41 92 56 9 58 99 12 14 7
51 91 63 15 7 39 6 13 3 23 7 55 4 3 94 63 13 47 75 39 9 63 78 57 15 42 42 91 65 16 60 47 1 51 27 52 87 15 68 45 12 77 74 97 81 11 15 67 90 72
49 36 63 99 62 52 68 76 19 82 47 77 13 35 57 2 1 93 63 48 53 72 93 38 1 18 5 74 35 87 31 93 59 1 63 72 82 52 51 66 11 21 51 28 58 46 4 93 24 23
12 98 91 65 43 78 28 85 98 19 77 1 59 98 72 47 5 54 6 31 55 50 51 98 17 43 74 26 48 23 13 30 46 62 40 40 73 36 45 78 78 91 39 78 1 87 2 71 54 67
38 76 52 66 51 46 96 53 78 61 5 71 48 79 58 52 79 48 15 91 33 40 75 9 55 93 39 61 48 16 93 31 82 8 34 11 20 7 89 25 20 91 56 33 78 32 78 46 62 87
1 52 45 66 16 0 32 58 91 98 100 11 68 86 39 39 96 18 74 36 7 87 89 74 80 74 31 81 59 96 82 20 14 59 5 50 87 15 98 88 60 81 81 1 13 67 24 5 48 86
72 39 40 27 54 77 57 84 46 49 43 22 33 49 0 39 60 70 73 18 65 24 24 7 48 91 11 85 55 13 82 37 36 72 57 38 50 53 86 77 96 14 90 11 85 10 58 95 88 11
81 51 37 84 40 76 72 35 36 48 44 27 6 23 59 86 32 22 64 47 85 94 55 35 96 97 69 78 13 87 3 8 75 81 34 89 82 6 86 8 99 27 100 13 77 76 2 62 7 97
17 85 50 70 39 48 13 41 38 69 56 80 61 43 66 65 52 8 44 10 37 96 13 18 99 19 94 87 44 57 12 97 79 75 76 89 43 48 59 52 24 4 1 32 26 16 32 36 75 43
58 11 87 54 84 69 26 80 2 23 32 66 43 72 43 69 15 88 98 34 89 25 4 91 68 95 71 22 8 83 38 18 88 21 14 90 90 89 29 59 54 95 33 17 6 48 49 68 86 18
37 23 57 60 32 24 43 99 23 0 70 83 17 16 34 56 60 70 39 44 8 71 35 10 23 72 9 30 36 44 98 67 22 61 60 5 21 10 34 26 80 28 76 71 100 63 56 20 74 44
59 2 90 29 69 77 12 52 1 73 11 70 38 4 71 33 73 43 94 45 49 69 21 3 79 38 39 11 4 22 93 16 43 18 2 4 2 69 51 29 5 88 28 84 65 43 96 47 98 1
100 96 55 16 28 84 69 31 50 59 62 83 68 65 54 20 63 85 36 78 2 16 62 30 3 90 12 100 48 91 15 44 78 92 39 63 11 37 60 73 81 49 64 64 50 73 45 32 18 64
73 23 76 10 65 21 69 48 60 21 88 70 90 25 77 83 30 80 98 17 55 79 92 95 72 45 54 75 40 23 85 60 45 1 13 25 22 17 16 37 7 61 65 92 17 75 71 80 26 6
63 10 85 20 37 80 8 83 84 13 69 16 34 5 91 7 90 55 29 10 80 81 3 76 57 62 95 29 92 53 16 59 17 54 72 47 18 73 46 38 64 57 54 16 83 67 66 58 45 60
44 35 41 83 27 92 92 25 100 37 56 17 32 62 29 46 6 17 3 19 93 21 16 51 87 21 79 96 81 89 82 43 24 47 18 2 99 68 94 57 69 90 87 77 53 20 37 29 66 7
42 43 2 78 16 55 14 0 8 7 58 14 8 64 58 1 45 43 55 58 83 1 25 73 33 43 48 88 92 48 49 89 62 38 41 2 52 78 78 31 71 68 99 94 3 49 30 19 23 68
36 47 41 83 97 64 17 92 72 99 74 14 40 19 18 39 87 25 96 19 79 43 28 96 90 83 40 83 16 91 53 4 8 33 74 52 2 9 61 38 21 81 60 89 10 99 98 24 90 24
76 12 51 25 0 72 74 61 20 80 46 75 6 23 3 74 67 41 41 64 87 54 0 75 18 14 88 31 35 26 6 52 29 46 68 80 82 79 99 71 14 94 67 6 75 18 28 64 36 70
61 89 34 82 25 38 65 49 61 63 10 11 47 59 56 13 87 18 76 77 71 100 56 33 58 44 89 53 88 10 93 31 36 32 79 20 31 54 69 82 29 29 54 43 44 33 84 14 36 69
38 69 43 46 48 91 7 18 83 55 28 27 46 47 7 22 36 11 62 55 44 8 74 16 99 51 99 49 4 35 88 69 73 11 61 20 19 82 3 62 47 71 39 24 49 59 94 40 38 63
47 28 3 63 58 35 49 75 74 72 88 78 87 76 42 94 55 67 21 56 62 46 79 6 72 49 44 8 27 27 25 65 12 100 58 87 5 84 20 16 57 74 4 9 77 41 50 39 94 95
46 75 28 70 93 58 7 39 90 76 58 81 59 49 42 12 39 78 7 43 72 54 45 11 24 43 79 20 40 11 16 85 43 93 89 9 88 81 68 99 89 49 90 85 4 88 82 92 67 71
55 9 86 69 73 6 59 4 84 85 6 33 13 51 61 37 62 10 10 83 51 31 74 1 32 96 92 15 48 79 28 17 98 62 21 99 35 39 46 61 68 77 23 85 67 61 14 89 96 65
93 42 51 74 50 69 69 89 92 69 2 42 17 74 66 38 67 13 97 2 11 14 41 35 56 13 45 4 70 37 28 45 39 24 32 62 89 52 44 53 52 90 7 16 87 0 83 97 78 80
3 29 64 32 16 97 3 63 34 59 6 90 69 93 32 66 14 57 94 40 58 11 47 61 72 37 8 52 91 39 69 6 8 72 37 11 62 71 93 34 28 89 85 43 17 91 74 13 91 87
18 75 24 85 44 47 53 63 55 31 59 46 69 6 70 9 55 32 59 24 82 72 84 68 70 98 95 56 31 91 30 88 0 34 93 42 38 40 90 4 34 63 14 53 98 78 63 27 16 43
93 55 94 27 52 88 75 24 45 72 52 67 51 77 20 69 43 84 32 20 22 84 11 44 51 53 74 75 35 28 98 58 95 38 58 83 56 84 50 78 3 40 83 73 92 34 49 32 62 30
72 85 35 6 80 3 51 25 93 82 100 19 83 12 6 43 92 14 71 18 5 43 98 73 4 71 96 2 23 18 53 56 50 46 22 23 95 70 79 22 12 59 17 23 97 87 43 51 3 31
24 50 94 40 92 25 29 15 10 12 86 4 81 75 56 4 19 11 1 25 5 69 35 44 14 28 95 55 62 33 5 42 95 88 64 39 80 93 92 88 50 32 88 50 70 81 84 95 95 65
39 60 25 13 10 22 90 32 16 52 46 96 28 44 100 100 100 6 75 55 86 67 56 44 33 99 8 26 13 31 66 23 71 100 91 30 50 41 43 56 38 1 45 7 8 98 43 26 60 13
2 41 70 30 46 25 97 28 50 1 51 47 95 22 63 56 64 10 16 63 35 76 91 13 63 58 10 60 61 84 92 68 22 99 27 61 6 16 94 62 66 8 25 41 87 47 62 26 72 89
47 48 71 12 86 44 82 97 52 13 83 65 96 40 40 1 5 61 36 33 16 49 42 41 4 68 1 100 20 56 83 15 4 83 7 85 7 35 67 10 47 87 3 96 89 49 34 40 53 75
99 15 92 47 30 19 52 91 58 58 86 68 83 71 80 38 15 55 59 19 78 86 34 75 32 1 3 72 60 20 79 100 98 39 7 76 81 54 19 12 48 91 65 80 25 88 78 82 78 44
4 63 23 31 80 27 47 90 45 54 8 52 90 62 15 80 63 51 1 80 12 42 56 17 10 43 0 35 10 65 45 66 73 43 23 38 84 28 29 77 60 3 21 92 5 63 94 33 88 68
20 68 76 64 57 57 54 65 52 45 21 72 22 10 12 69 51 51 2 13 62 74 40 3 17 15 46 20 82 39 20 19 98 56 90 57 59 92 27 84 67 19 35 13 71 95 62 4 31 52
16 50 37 41 72 88 4 87 69 93 64 10 16 94 30 93 4 68 56 57 81 66 67 80 68 12 71 34 4 71 80 64 31 50 38 70 76 6 12 14 53 43 84 100 79 23 9 7 58 24
86 62 57 14 94 89 43 10 79 67 47 73 7 25 29 38 40 22 92 92 4 81 67 39 3 82 10 16 47 15 30 81 79 11 47 72 61 85 40 99 88 29 31 37 65 36 97 38 92 55
7 26 8 36 44 95 54 19 74 56 99 95 39 28 59 32 44 8 0 66 65 49 17 96 17 89 4 33 55 3 53 73 24 20 13 67 36 1 16 81 81 11 15 4 42 75 95 8 49 7
11 54 31 30 7 57 33 42 62 18 50 12 54 99 97 4 80 6 92 30 65 78 79 9 80 51 9 18 14 53 89 86 85 47 0 7 95 6 66 11 15 36 73 85 96 20 65 95 50 35
17 12 34 9 42 18 12 79 87 71 68 49 52 13 100 28 84 36 45 9 42 35 19 51 33 56 45 24 11 78 47 14 73 81 98 19 100 31 51 29 30 97 8 33 39 17 60 95 73 30
70 35 47 46 22 90 67 17 7 62 10 79 9 28 29 41 17 42 77 52 32 43 5 95 70 28 91 37 83 21 87 89 91 59 50 70 62 6 62 34 48 61 98 75 27 55 17 39 1 69
36 5 19 84 81 23 59 31 15 83 45 58 93 66 63 50 87 74 32 3 85 17 1 81 55 7 57 2 30 85 78 96 51 61 10 2 26 17 44 70 11 45 3 11 27 90 100 95 43 69
96 5 15 54 47 15 64 62 63 90 3 26 45 89 61 53 50 27 16 14 12 87 40 22 90 9 9 17 49 57 80 6 21 1 36 90 59 23 6 1 77 0 27 34 95 65 16 14 47 45
52 3 0 55 88 57 2 80 62 67 73 84 9 99 98 60 79 22 5 70 34 95 35 94 80 10 65 31 61 39 30 52 33 35 27 3 87 24 9 47 66 59 54 1 94 28 23 93 98 77
